Original array: 1 2 3 4 5 
Shuffling with a bad algorithm...
Slowest algorithm: 7070 ns (average per call)
Shuffled array: 3 1 4 2 5

Shuffling with a better algorithm...
Better algorithm: 7252 ns (average per call)
Shuffled array: 3 2 4 5 1

Shuffling with the best algorithm...
Fastest algorithm: 403 ns (average per call)
Shuffled array: 1 5 4 3 2


Original array: 1.1 -2.5 3.14 0 7.8 21.1 19.8 3.11 10.12 1.1
Shuffling with a bad algorithm...
Slowest algorithm: 4463 ns (average per call)
Shuffled array: 1.1 -2.5 19.8 1.1 3.11 7.8 21.1 0 10.12 3.14

Shuffling with a better algorithm...
Better algorithm: 6980 ns (average per call)
Shuffled array: 0 7.8 1.1 19.8 1.1 3.11 21.1 -2.5 10.12 3.14

Shuffling with the best algorithm...
Fastest algorithm: 573 ns (average per call)
Shuffled array: 1.1 7.8 3.14 -2.5 0 19.8 1.1 21.1 3.11 10.12


Original array: a y c d e f z
Shuffling with a bad algorithm...
Slowest algorithm: 5778 ns (average per call)
Shuffled array: d z e a f y c

Shuffling with a better algorithm...
Better algorithm: 6186 ns (average per call)
Shuffled array: a d f c e y z

Shuffling with the best algorithm...
Fastest algorithm: 472 ns (average per call)
Shuffled array: e y a d z c f


Original array: apple banana cherry
Shuffling with a bad algorithm...
Slowest algorithm: 6247 ns (average per call)
Shuffled array: banana cherry apple

Shuffling with a better algorithm...
Better algorithm: 6784 ns (average per call)
Shuffled array: apple cherry banana

Shuffling with the best algorithm...
Fastest algorithm: 2435 ns (average per call)
Shuffled array: banana cherry apple


Original array: 22
Shuffling with a bad algorithm...
Slowest algorithm: 616 ns (average per call)
Shuffled array: 22

Shuffling with a better algorithm...
Better algorithm: 709 ns (average per call)
Shuffled array: 22

Shuffling with the best algorithm...
Fastest algorithm: 394 ns (average per call)
Shuffled array: 22


Original array:
Shuffling with a bad algorithm...
Slowest algorithm: 136 ns (average per call)
Shuffled array:

Shuffling with a better algorithm...
Better algorithm: 135 ns (average per call)
Shuffled array:

Shuffling with the best algorithm...
Fastest algorithm: 140 ns (average per call)
Shuffled array:


Original array: 0 1 2 3 4 5 6 7 8 9 10 11 12 13 14 15 16 17 18 19 20 21 22 23 24 25 26 27 28 29 30 31 32 33 34 35 36 37 38 39 40 41 42 43 44 45 46 47 48 49 50 51 52 53 54 55 56 57 58 59 60 61 62 63 64 65 66 67 68 69 70 71 72 73 74 75 76 77 78 79 80 81 82 83 84 85 86 87 88 89 90 91 92 93 94 95 96 97 98 99 100 101 102 103 104 105 106 107 108 109 110 111 112 113 114 115 116 117 118 119 120 121 122 123 124 125 126 127 128 129 130 131 132 133 134 135 136 137 138 139 140 141 142 143 144 145 146 147 148 149 150 151 152 153 154 155 156 157 158 159 160 161 162 163 164 165 166 167 168 169 170 171 172 173 174 175 176 177 178 179 180 181 182 183 184 185 186 187 188 189 190 191 192 193 194 195 196 197 198 199 200 201 202 203 204 205 206 207 208 209 210 211 212 213 214 215 216 217 218 219 220 221 222 223 224 225 226 227 228 229 230 231 232 233 234 235 236 237 238 239 240 241 242 243 244 245 246 247 248 249 250 251 252 253 254 255 256 257 258 259 260 261 262 263 264 265 266 267 268 269 270 271 272 273 274 275 276 277 278 279 280 281 282 283 284 285 286 287 288 289 290 291 292 293 294 295 296 297 298 299 300 301 302 303 304 305 306 307 308 309 310 311 312 313 314 315 316 317 318 319 320 321 322 323 324 325 326 327 328 329 330 331 332 333 334 335 336 337 338 339 340 341 342 343 344 345 346 347 348 349 350 351 352 353 354 355 356 357 358 359 360 361 362 363 364 365 366 367 368 369 370 371 372 373 374 375 376 377 378 379 380 381 382 383 384 385 386 387 388 389 390 391 392 393 394 395 396 397 398 399 400 401 402 403 404 405 406 407 408 409 410 411 412 413 414 415 416 417 418 419 420 421 422 423 424 425 426 427 428 429 430 431 432 433 434 435 436 437 438 439 440 441 442 443 444 445 446 447 448 449 450 451 452 453 454 455 456 457 458 459 460 461 462 463 464 465 466 467 468 469 470 471 472 473 474 475 476 477 478 479 480 481 482 483 484 485 486 487 488 489 490 491 492 493 494 495 496 497 498 499 500 501 502 503 504 505 506 507 508 509 510 511 512 513 514 515 516 517 518 519 520 521 522 523 524 525 526 527 528 529 530 531 532 533 534 535 536 537 538 539 540 541 542 543 544 545 546 547 548 549 550 551 552 553 554 555 556 557 558 559 560 561 562 563 564 565 566 567 568 569 570 571 572 573 574 575 576 577 578 579 580 581 582 583 584 585 586 587 588 589 590 591 592 593 594 595 596 597 598 599 600 601 602 603 604 605 606 607 608 609 610 611 612 613 614 615 616 617 618 619 620 621 622 623 624 625 626 627 628 629 630 631 632 633 634 635 636 637 638 639 640 641 642 643 644 645 646 647 648 649 650 651 652 653 654 655 656 657 658 659 660 661 662 663 664 665 666 667 668 669 670 671 672 673 674 675 676 677 678 679 680 681 682 683 684 685 686 687 688 689 690 691 692 693 694 695 696 697 698 699 700 701 702 703 704 705 706 707 708 709 710 711 712 713 714 715 716 717 718 719 720 721 722 723 724 725 726 727 728 729 730 731 732 733 734 735 736 737 738 739 740 741 742 743 744 745 746 747 748 749 750 751 752 753 754 755 756 757 758 759 760 761 762 763 764 765 766 767 768 769 770 771 772 773 774 775 776 777 778 779 780 781 782 783 784 785 786 787 788 789 790 791 792 793 794 795 796 797 798 799 800 801 802 803 804 805 806 807 808 809 810 811 812 813 814 815 816 817 818 819 820 821 822 823 824 825 826 827 828 829 830 831 832 833 834 835 836 837 838 839 840 841 842 843 844 845 846 847 848 849 850 851 852 853 854 855 856 857 858 859 860 861 862 863 864 865 866 867 868 869 870 871 872 873 874 875 876 877 878 879 880 881 882 883 884 885 886 887 888 889 890 891 892 893 894 895 896 897 898 899 900 901 902 903 904 905 906 907 908 909 910 911 912 913 914 915 916 917 918 919 920 921 922 923 924 925 926 927 928 929 930 931 932 933 934 935 936 937 938 939 940 941 942 943 944 945 946 947 948 949 950 951 952 953 954 955 956 957 958 959 960 961 962 963 964 965 966 967 968 969 970 971 972 973 974 975 976 977 978 979 980 981 982 983 984 985 986 987 988 989 990 991 992 993 994 995 996 997 998 999
Shuffling with a bad algorithm...
Slowest algorithm: 106239 ns (average per call)
Shuffled array: 90 448 802 930 198 402 620 351 553 504 972 245 488 618 208 726 377 905 760 911 353 691 798 485 70 120 870 46 614 588 135 660 327 918 267 461 784 975 535 320 31 946 861 326 429 933 840 943 471 94 128 889 771 757 68 680 781 973 153 727 996 754 166 339 350 545 456 928 483 420 690 560 847 529 385 322 291 131 83 294 559 312 442 159 418 401 817 750 505 749 853 712 651 873 150 681 636 144 836 810 494 497 639 563 177 567 302 498 877 509 766 582 719 775 924 379 250 465 274 845 366 699 824 989 415 126 938 169 722 362 301 568 276 692 413 687 600 196 172 804 685 73 716 527 619 258 854 213 764 375 158 162 665 431 827 484 220 259 814 455 787 394 313 499 785 828 234 310 595 352 713 565 730 406 849 919 314 513 635 197 629 374 904 915 710 38 561 825 122 697 769 452 298 826 95 860 325 391 111 534 49 634 142 440 319 961 546 659 773 127 714 495 282 590 190 363 738 335 537 161 1 236 340 662 525 435 645 841 593 661 219 41 953 369 843 912 11 969 539 280 422 581 473 105 397 491 35 296 434 87 500 954 935 624 52 562 615 365 398 165 305 664 171 2 558 113 470 136 303 22 871 820 466 444 526 246 438 474 428 683 184 33 469 541 657 104 193 486 74 5 594 968 16 740 383 891 124 866 925 134 357 141 644 392 508 834 608 212 396 467 121 270 521 542 788 67 18 579 293 347 382 358 848 384 748 625 62 768 109 108 304 307 399 417 30 576 893 164 256 676 271 393 672 115 479 524 264 532 547 656 341 475 689 602 458 977 451 630 425 865 299 555 225 799 355 180 82 931 949 344 728 80 732 789 791 117 648 914 818 216 744 202 290 273 944 985 951 725 454 203 800 336 404 100 901 830 959 163 653 569 269 186 430 221 143 720 255 244 795 589 482 426 388 118 26 359 260 983 423 709 20 9 91 503 520 831 584 0 964 275 265 700 571 880 217 214 433 881 747 37 32 632 43 592 652 903 226 678 837 447 519 262 612 921 207 316 846 649 762 950 994 356 211 952 809 64 332 278 718 829 3 577 6 106 872 266 596 763 574 677 777 927 858 489 317 223 253 816 152 102 674 436 281 56 496 481 85 178 729 981 311 958 638 419 932 146 894 222 832 181 940 283 188 201 119 548 321 637 538 86 195 626 160 650 427 139 929 752 432 414 550 463 895 794 711 512 279 210 149 908 724 604 334 978 971 611 765 204 330 285 502 65 878 54 655 130 381 654 71 838 962 770 209 194 706 610 842 114 408 63 739 703 182 76 616 376 812 346 875 556 424 492 583 941 673 156 575 403 77 897 984 125 157 667 407 965 647 75 368 439 980 737 688 884 942 822 295 60 979 249 528 540 360 514 721 601 530 801 960 776 852 992 947 7 675 478 460 835 993 510 199 573 934 53 343 631 277 15 88 238 622 174 723 991 945 409 506 239 140 247 883 229 107 756 974 84 12 874 813 811 242 751 792 288 112 167 862 987 599 10 44 173 224 803 922 899 233 300 759 96 254 887 412 380 151 696 621 315 411 337 34 948 205 227 531 328 761 237 999 25 517 995 168 58 364 617 324 963 882 416 850 370 103 926 745 668 240 493 29 886 445 515 79 708 705 856 536 243 189 867 389 354 890 780 367 92 669 823 145 774 110 976 793 437 372 522 909 421 459 36 511 955 349 743 42 476 47 450 533 707 646 24 857 338 21 348 806 55 261 28 819 982 66 51 218 544 704 753 695 13 480 603 628 868 970 287 251 907 741 936 733 132 808 14 185 557 598 898 663 230 4 885 170 591 658 821 192 116 284 587 518 609 864 815 755 679 613 373 855 228 61 923 686 863 956 633 306 957 78 990 137 231 701 796 671 597 917 457 371 988 572 241 790 564 395 138 682 176 717 694 641 487 410 580 892 133 48 844 986 19 40 566 206 607 23 446 441 920 187 179 585 906 215 902 839 81 684 715 490 693 99 501 292 783 731 606 323 155 552 910 967 318 183 888 45 702 698 93 27 772 289 248 268 997 782 123 623 543 331 900 257 477 523 57 272 308 154 400 742 879 551 297 643 147 309 516 101 468 779 758 97 449 72 746 797 805 17 605 876 570 736 735 640 443 833 148 390 916 405 859 59 333 851 549 378 200 50 578 464 966 329 69 670 869 507 453 896 642 387 235 462 129 263 554 998 361 937 472 913 8 98 939 232 345 627 39 734 666 191 786 767 252 89 778 386 175 342 807 286 586

Shuffling with a better algorithm...
Better algorithm: 145039 ns (average per call)
Shuffled array: 617 424 608 836 854 646 107 551 319 14 898 815 464 529 225 268 705 327 559 840 833 99 530 762 600 870 278 802 149 413 631 199 247 868 115 692 54 446 845 252 363 12 301 126 542 643 255 972 789 467 554 133 323 658 817 340 578 393 381 112 382 385 525 209 755 172 810 891 976 104 516 346 731 661 901 956 999 315 748 8 451 326 342 285 775 111 43 978 952 591 920 861 887 949 421 308 707 239 459 119 176 647 244 181 34 310 677 669 555 670 64 678 306 583 718 443 722 109 391 701 418 69 916 9 575 177 242 39 417 800 660 469 80 433 345 665 694 550 968 743 503 174 576 429 305 495 756 821 947 296 143 113 732 157 100 989 283 518 654 329 257 307 888 785 966 250 449 227 553 274 977 339 474 573 939 602 852 625 78 922 208 403 33 42 6 853 399 260 291 814 720 767 668 22 698 357 248 254 724 438 739 178 203 235 249 657 934 511 193 295 863 378 328 781 110 428 601 849 182 160 23 635 218 700 125 386 230 356 17 871 207 122 714 738 26 593 434 609 504 897 165 354 500 196 746 792 137 515 220 905 534 950 50 334 910 667 505 192 993 636 889 222 390 760 414 595 105 481 737 358 680 757 336 343 150 893 827 214 408 275 881 563 819 309 132 711 402 228 520 765 161 979 205 958 918 350 858 984 332 896 839 502 85 180 475 567 266 437 440 154 771 355 519 353 751 466 570 163 491 535 809 741 928 607 362 615 392 241 264 66 763 844 787 557 650 1 695 726 943 875 586 395 98 526 837 293 987 552 129 626 168 640 29 835 411 32 766 921 416 62 497 128 31 666 185 240 171 872 574 482 198 374 577 372 423 206 995 967 960 130 77 365 344 302 454 330 28 461 492 794 612 925 850 383 558 994 226 89 951 938 232 289 57 828 548 848 985 721 280 561 471 946 752 590 796 368 447 10 95 930 727 284 405 321 904 541 145 914 629 478 913 944 489 237 522 543 523 229 843 312 676 584 292 156 389 782 696 761 709 745 179 538 566 770 565 620 204 320 369 777 213 410 234 135 899 404 560 524 324 73 58 831 627 606 68 786 448 2 458 453 656 106 908 61 948 281 212 649 501 847 776 528 169 439 269 191 379 361 588 142 592 72 485 894 703 259 271 973 5 907 400 431 233 74 140 878 436 51 166 877 675 527 36 499 816 955 210 426 540 151 672 197 484 256 882 444 514 970 45 964 962 93 903 303 556 221 568 476 712 359 673 56 651 507 70 917 415 276 562 146 147 335 963 780 805 155 533 690 460 564 933 619 753 388 11 473 758 124 148 114 795 536 684 202 231 613 598 740 486 862 373 730 258 84 18 455 717 162 487 420 331 679 24 874 664 826 742 909 452 397 224 251 65 422 749 990 616 462 273 86 337 697 76 824 537 754 483 544 496 152 21 75 349 201 401 53 366 164 674 579 622 851 614 30 569 517 974 314 644 488 790 671 713 735 860 136 686 450 63 846 539 710 969 716 728 311 693 996 936 47 769 842 35 915 642 79 681 734 88 580 217 883 189 432 480 799 603 688 867 71 351 653 341 170 719 699 219 911 890 277 628 838 294 425 38 442 513 865 927 394 509 367 750 407 15 97 983 638 689 238 299 929 685 965 465 611 370 141 430 211 866 813 144 547 67 648 992 779 634 804 829 830 317 820 348 639 773 187 338 270 52 803 7 479 384 375 131 864 931 81 733 82 4 747 262 759 932 419 975 477 49 245 957 923 986 633 498 27 880 791 997 801 744 594 139 604 190 412 19 596 117 953 322 834 463 25 59 20 371 91 159 632 663 704 512 926 725 807 490 298 409 216 937 223 859 532 263 127 715 435 121 879 194 188 841 215 774 706 895 729 783 279 855 599 655 652 682 873 662 376 103 808 856 621 981 691 108 768 924 708 702 494 980 988 998 618 243 325 521 253 624 825 531 470 380 630 822 772 101 832 906 200 0 659 945 723 597 267 387 94 687 457 942 16 892 173 316 445 885 120 468 798 900 138 60 886 352 683 784 645 44 637 398 236 736 857 605 818 806 919 778 545 282 991 46 941 186 982 304 92 102 764 610 261 96 167 884 246 333 40 48 971 472 300 290 272 158 961 788 134 118 287 506 37 175 587 811 153 3 55 347 623 546 41 954 265 959 823 589 406 13 582 935 360 297 318 510 116 940 571 87 902 183 184 869 581 195 549 793 456 912 508 572 493 427 377 641 441 797 585 83 288 123 90 396 876 286 364 812 313

Shuffling with the best algorithm...
Fastest algorithm: 20265 ns (average per call)
Shuffled array: 997 325 487 137 108 164 739 836 732 355 995 92 749 666 165 98 283 244 11 97 826 189 894 641 366 768 603 347 61 91 920 79 454 297 623 26 805 191 53 133 759 353 273 726 631 782 460 792 31 769 878 668 832 455 741 78 522 935 545 429 813 957 122 613 494 542 461 222 675 13 152 269 979 8 627 970 705 198 984 599 684 87 644 614 380 747 557 59 5 860 38 391 562 99 654 767 607 793 915 526 863 319 328 859 532 392 39 646 348 927 748 306 931 28 132 340 520 801 285 58 68 674 144 511 681 226 531 649 449 258 182 363 902 291 351 742 707 36 956 52 697 777 403 967 478 581 488 194 975 617 762 784 3 688 959 968 22 263 33 255 721 825 552 847 925 907 105 67 34 474 884 358 550 300 246 385 950 737 665 877 502 960 653 723 216 719 505 577 138 817 645 949 179 151 500 988 596 745 922 523 944 775 963 943 387 871 193 797 809 559 369 900 423 498 19 203 310 848 367 128 655 276 657 650 929 51 882 946 724 364 406 909 292 738 678 345 372 359 980 982 778 296 862 167 849 589 341 315 438 543 409 700 383 875 669 247 591 799 154 201 885 704 554 432 18 763 735 243 313 629 225 662 327 282 827 687 85 567 952 256 485 365 390 780 622 516 287 145 481 714 835 413 903 806 424 804 308 45 183 729 4 517 215 456 771 157 953 270 24 469 143 999 219 388 874 170 337 722 239 417 969 395 205 318 15 720 333 772 656 172 111 188 941 95 621 415 74 538 812 743 718 197 63 196 698 992 834 241 528 186 408 717 475 436 660 344 611 965 218 69 934 458 904 113 746 879 212 86 267 872 691 416 845 639 396 873 851 447 60 571 56 701 996 798 574 443 464 572 192 25 760 12 0 88 419 881 811 795 350 539 889 204 648 420 886 120 569 49 307 305 638 142 541 897 386 84 923 890 803 331 280 808 248 134 412 278 27 819 896 781 955 178 309 670 821 486 540 342 612 141 779 354 573 993 379 114 361 339 322 65 595 452 131 727 437 402 139 942 755 643 592 690 783 427 399 624 235 814 977 187 841 55 998 357 689 901 776 290 937 302 842 118 430 431 750 480 440 810 828 484 535 637 48 101 615 989 238 479 794 398 46 854 544 102 214 240 981 672 525 370 533 818 217 175 515 501 184 123 159 271 356 422 685 150 824 840 75 127 336 401 855 790 632 857 667 220 651 789 839 521 880 64 82 376 378 41 2 609 176 433 831 153 249 112 703 265 551 262 29 800 910 914 503 833 71 787 180 400 692 913 126 491 326 830 148 921 397 671 576 578 837 853 467 445 116 846 210 883 161 104 90 100 868 508 173 912 37 231 663 442 664 121 565 274 242 774 852 530 593 568 888 546 453 928 30 647 89 206 414 594 954 930 147 566 898 10 160 227 211 570 450 676 425 618 411 251 575 693 590 870 50 529 208 548 421 861 324 483 410 295 899 492 277 971 986 616 221 652 630 374 57 213 209 168 252 162 815 264 335 938 733 381 323 382 785 490 66 268 368 786 740 245 495 892 987 736 404 418 334 673 536 761 633 918 661 556 457 106 728 35 584 751 223 945 257 254 919 924 634 426 991 473 259 451 682 463 932 171 299 477 507 16 791 534 311 279 136 966 802 117 628 94 190 185 281 472 362 985 514 470 527 555 360 519 504 604 435 580 958 146 44 207 715 373 887 829 865 434 506 54 858 80 978 869 752 976 43 7 796 964 166 496 476 20 293 679 510 237 680 916 911 96 636 754 610 232 21 177 149 76 583 597 312 371 294 513 375 110 389 579 908 163 346 694 236 6 588 314 708 497 199 298 867 332 135 891 17 316 509 619 773 586 77 939 640 465 730 948 93 62 377 482 706 712 625 876 906 140 42 702 32 587 626 446 725 683 537 823 850 155 716 1 744 553 838 524 731 471 695 699 407 394 713 606 272 181 329 115 843 47 289 709 261 585 317 926 563 202 547 330 766 286 602 753 224 620 72 788 512 917 864 962 195 444 635 558 983 499 275 686 936 947 229 349 466 940 103 973 441 156 448 893 564 608 40 696 807 158 493 83 972 23 856 230 174 844 459 489 321 266 756 961 905 81 428 288 384 600 758 974 582 895 303 711 234 284 304 343 260 14 816 951 677 119 659 561 338 990 598 169 820 320 764 393 253 605 70 228 124 439 560 462 200 658 601 994 9 549 770 109 301 757 518 130 233 129 866 765 468 822 125 933 710 352 642 405 250 73 734 107